44214.61562 6.48357 4.70972
44993.45298 29.34283 8.30514
45851.40631 39.03532 3.67993
46086.96681 39.62075 3.72815
48560.55780 41.75417 3.77982
48773.71401 42.96318 1.96295
49143.77505 37.08891 0.98750
51870.83925 -9.48542 2.67738
52284.71018 -16.38107 5.07352
54919.76589 19.38132 2.77919
54941.30349 19.53245 1.96446
54970.67822 19.27522 4.69567
54999.31317 19.96663 4.53829
55135.97098 22.56829 7.84124
55159.94602 22.62035 2.60426
55208.61678 24.64598 2.80921
55245.62567 25.17165 4.88453
55389.66308 27.69209 8.04787
